data/sbe19plusV2/PORT_CTD5048_DO1360CT1460Op302_Hauls_27to29_26May2016.cnv
* Sea-Bird SBE19plus Data File:
* FileName = C:\2016_CTD_DataFiles\Excalibur_CTD_2016\Excalibur_2016_CTD_Leg1\SeabirdOps\PORT_CTD5048_DO1360CT1460Op302_Hauls_27to29_26May2016.hex
* Software Version 1.59
* Temperature SN =  5048
* Conductivity SN =  5048
* System UpLoad Time = May 26 2016 20:18:07
* ds
* SBE 19plus V 2.5.2  SERIAL NO. 5048    26 May 2016 20:06:40
# nquan = 9
# nvalues = 26113                                 
# units = specified
# name 0 = c0S/m: Conductivity [S/m]
# name 1 = tv290C: Temperature [ITS-90, deg C]
# name 2 = tv268C: Temperature [IPTS-68, deg C]
# name 3 = prdM: Pressure, Strain Gauge [db]
# name 4 = prdE: Pressure, Strain Gauge [psi]
# name 5 = sbeox0ML/L: Oxygen, SBE 43 [ml/l]
# name 6 = opoxML/L: Oxygen Optode, Aanderaa [ml/l]
# name 7 = depSM: Depth [salt water, m], lat = 45.54
# name 8 = flag:  0.000e+00
# span 0 =  -0.037032,   3.753324                 
# span 1 =     7.4402,    13.2155                 
# span 2 =     7.4420,    13.2187                 
# span 3 =      0.022,     78.858                 
# span 4 =      0.032,    114.374                 
# span 5 =    -2.0387,    17.5758                 
# span 6 =   -0.22389,   10.15117                 
# span 7 =      0.022,     78.199                 
# span 8 = 0.0000e+00, 0.0000e+00                 
# interval = seconds: 0.25
# start_time = May 26 2016 14:18:47 [Instrument's time stamp, header]
# bad_flag = -9.990e-29
*END*
[from data line 5121]
   3.469978     7.4665     7.4683     77.435    112.309     1.6709    1.92862     76.788  0.000e+00
   3.470018     7.4667     7.4685     77.445    112.324     1.6673    1.92862     76.798  0.000e+00
   3.469998     7.4666     7.4684     77.445    112.325     1.6698    1.92862     76.799  0.000e+00
   3.470018     7.4666     7.4684     77.413    112.278     1.6681    1.92918     76.766  0.000e+00
   3.470018     7.4666     7.4684     77.433    112.307     1.6706    1.92918     76.786  0.000e+00
   3.470024     7.4667     7.4685     77.422    112.291     1.6692    1.92918     76.775  0.000e+00
   3.470018     7.4668     7.4686     77.411    112.275     1.6684    1.92918     76.764  0.000e+00
   3.470044     7.4667     7.4685     77.400    112.260     1.6709    1.92918     76.754  0.000e+00
   3.470018     7.4668     7.4686     77.379    112.228     1.6647    1.92918     76.732  0.000e+00
   3.470018     7.4669     7.4687     77.378    112.227     1.6670    1.92918     76.731  0.000e+00
   3.469998     7.4673     7.4690     77.378    112.227     1.6701    1.92918     76.731  0.000e+00
   3.470018     7.4669     7.4687     77.378    112.227     1.6681    1.92694     76.731  0.000e+00
   3.470070     7.4670     7.4688     77.389    112.243     1.6698    1.92694     76.742  0.000e+00
   3.470064     7.4674     7.4692     77.368    112.213     1.6672    1.92694     76.722  0.000e+00
   3.470084     7.4673     7.4690     77.380    112.230     1.6661    1.92694     76.733  0.000e+00
   3.470064     7.4675     7.4693     77.391    112.247     1.6686    1.92694     76.745  0.000e+00
   3.470084     7.4674     7.4692     77.391    112.247     1.6700    1.92694     76.745  0.000e+00
   3.470064     7.4676     7.4694     77.370    112.215     1.6709    1.92694     76.724  0.000e+00
   3.470064     7.4674     7.4692     77.390    112.245     1.6658    1.92694     76.744  0.000e+00
   3.470090     7.4674     7.4692     77.413    112.278     1.6726    1.93030     76.766  0.000e+00
   3.470084     7.4676     7.4694     77.413    112.278     1.6672    1.93030     76.766  0.000e+00
   3.469978     7.4677     7.4695     77.412    112.277     1.6661    1.93030     76.765  0.000e+00
   3.470084     7.4676     7.4694     77.424    112.294     1.6703    1.93030     76.777  0.000e+00
   3.470103     7.4677     7.4695     77.414    112.280     1.6683    1.93030     76.767  0.000e+00
   3.470130     7.4677     7.4695     77.434    112.308     1.6672    1.93030     76.787  0.000e+00
   3.470090     7.4678     7.4696     77.423    112.292     1.6698    1.93030     76.776  0.000e+00
   3.470103     7.4679     7.4697     77.421    112.290     1.6683    1.93030     76.774  0.000e+00
   3.470103     7.4677     7.4695     77.432    112.305     1.6684    1.92831     76.785  0.000e+00
   3.470103     7.4679     7.4697     77.432    112.305     1.6672    1.92831     76.785  0.000e+00
   3.470084     7.4678     7.4696     77.420    112.288     1.6678    1.92831     76.773  0.000e+00
   3.470084     7.4679     7.4697     77.420    112.288     1.6667    1.92831     76.773  0.000e+00
   3.470064     7.4677     7.4695     77.420    112.288     1.6647    1.92831     76.773  0.000e+00
   3.470070     7.4676     7.4694     77.397    112.255     1.6681    1.92831     76.751  0.000e+00
   3.470084     7.4677     7.4695     77.398    112.257     1.6661    1.92831     76.752  0.000e+00
   3.470044     7.4675     7.4693     77.397    112.255     1.6656    1.92831     76.751  0.000e+00
   3.470044     7.4676     7.4694     77.421    112.290     1.6656    1.92871     76.774  0.000e+00
   3.470084     7.4675     7.4693     77.410    112.274     1.6636    1.92871     76.764  0.000e+00
   3.470064     7.4674     7.4692     77.389    112.244     1.6658    1.92871     76.743  0.000e+00
   3.470070     7.4675     7.4693     77.399    112.258     1.6670    1.92871     76.753  0.000e+00
   3.470064     7.4671     7.4689     77.432    112.305     1.6689    1.92871     76.785  0.000e+00
   3.470064     7.4672     7.4690     77.400    112.260     1.6689    1.92871     76.754  0.000e+00
   3.470044     7.4673     7.4690     77.422    112.291     1.6667    1.92871     76.775  0.000e+00
   3.470064     7.4672     7.4690     77.433    112.307     1.6678    1.92871     76.786  0.000e+00
   3.469998     7.4671     7.4689     77.445    112.324     1.6673    1.92918     76.798  0.000e+00
   3.470018     7.4670     7.4688     77.435    112.309     1.6650    1.92918     76.788  0.000e+00
   3.470044     7.4669     7.4687     77.466    112.355     1.6670    1.92918     76.819  0.000e+00
   3.470044     7.4669     7.4687     77.454    112.338     1.6684    1.92918     76.807  0.000e+00
   3.469998     7.4668     7.4686     77.464    112.352     1.6656    1.92918     76.817  0.000e+00
   3.469952     7.4669     7.4687     77.464    112.352     1.6692    1.92918     76.817  0.000e+00
   3.469998     7.4666     7.4684     77.441    112.318     1.6656    1.92918     76.794  0.000e+00
   3.469998     7.4669     7.4687     77.442    112.319     1.6690    1.92918     76.795  0.000e+00
   3.470018     7.4669     7.4687     77.430    112.302     1.6718    1.92784     76.783  0.000e+00
   3.470024     7.4668     7.4686     77.473    112.365     1.6681    1.92784     76.826  0.000e+00
   3.469998     7.4669     7.4687     77.442    112.319     1.6684    1.92784     76.795  0.000e+00
   3.470018     7.4668     7.4686     77.432    112.305     1.6647    1.92784     76.785  0.000e+00
   3.470018     7.4667     7.4685     77.419    112.287     1.6661    1.92784     76.772  0.000e+00
   3.469998     7.4667     7.4685     77.377    112.225     1.6659    1.92784     76.730  0.000e+00
   3.469978     7.4667     7.4685     77.376    112.224     1.6667    1.92784     76.729  0.000e+00
   3.470024     7.4669     7.4687     77.343    112.177     1.6678    1.92784     76.697  0.000e+00
   3.470018     7.4665     7.4683     77.311    112.130     1.6644    1.92996     76.665  0.000e+00
   3.469998     7.4667     7.4685     77.332    112.161     1.6653    1.92996     76.687  0.000e+00
   3.469952     7.4664     7.4682     77.310    112.129     1.6650    1.92996     76.664  0.000e+00
   3.469998     7.4666     7.4684     77.289    112.099     1.6644    1.92996     76.644  0.000e+00
   3.469978     7.4665     7.4683     77.312    112.131     1.6661    1.92996     76.666  0.000e+00
   3.469978     7.4663     7.4681     77.324    112.148     1.6645    1.92996     76.678  0.000e+00
   3.470024     7.4665     7.4683     77.324    112.148     1.6658    1.92996     76.678  0.000e+00
   3.470044     7.4666     7.4684     77.336    112.167     1.6689    1.92996     76.690  0.000e+00
   3.469998     7.4667     7.4685     77.336    112.167     1.6684    1.92992     76.690  0.000e+00
   3.470018     7.4669     7.4687     77.346    112.181     1.6670    1.92992     76.700  0.000e+00
   3.470018     7.4669     7.4687     77.389    112.244     1.6673    1.92992     76.743  0.000e+00
   3.470044     7.4667     7.4685     77.399    112.258     1.6692    1.92992     76.753  0.000e+00
   3.469998     7.4669     7.4687     77.380    112.230     1.6678    1.92992     76.733  0.000e+00
   3.470044     7.4670     7.4688     77.390    112.245     1.6689    1.92992     76.744  0.000e+00
   3.470044     7.4671     7.4689     77.380    112.230     1.6709    1.92992     76.733  0.000e+00
   3.470018     7.4669     7.4687     77.401    112.261     1.6667    1.92992     76.755  0.000e+00
   3.470018     7.4671     7.4689     77.378    112.227     1.6715    1.92808     76.731  0.000e+00
   3.470018     7.4671     7.4689     77.398    112.257     1.6698    1.92808     76.752  0.000e+00
   3.470018     7.4669     7.4687     77.378    112.227     1.6670    1.92808     76.731  0.000e+00
   3.470024     7.4669     7.4687     77.421    112.290     1.6692    1.92808     76.774  0.000e+00
   3.470018     7.4667     7.4685     77.389    112.243     1.6684    1.92808     76.742  0.000e+00
   3.470018     7.4669     7.4687     77.387    112.240     1.6689    1.92808     76.740  0.000e+00
   3.470044     7.4667     7.4685     77.398    112.257     1.6706    1.92808     76.752  0.000e+00
   3.470018     7.4669     7.4687     77.386    112.238     1.6661    1.92808     76.739  0.000e+00
   3.470044     7.4670     7.4688     77.387    112.240     1.6672    1.92914     76.740  0.000e+00
   3.469952     7.4670     7.4688     77.388    112.241     1.6684    1.92914     76.741  0.000e+00
   3.470044     7.4670     7.4688     77.408    112.271     1.6712    1.92914     76.762  0.000e+00
   3.470044     7.4670     7.4688     77.376    112.224     1.6698    1.92914     76.729  0.000e+00
   3.470064     7.4670     7.4688     77.396    112.254     1.6681    1.92914     76.750  0.000e+00
   3.470018     7.4672     7.4690     77.364    112.207     1.6700    1.92914     76.718  0.000e+00
   3.470018     7.4669     7.4687     77.352    112.190     1.6684    1.92914     76.706  0.000e+00
   3.470018     7.4669     7.4687     77.352    112.190     1.6678    1.92914     76.706  0.000e+00
   3.470044     7.4668     7.4686     77.343    112.177     1.6667    1.92685     76.697  0.000e+00
   3.470044     7.4668     7.4686     77.332    112.161     1.6689    1.92685     76.687  0.000e+00
   3.470044     7.4669     7.4687     77.344    112.178     1.6678    1.92685     76.698  0.000e+00
   3.470018     7.4667     7.4685     77.300    112.114     1.6667    1.92685     76.654  0.000e+00
   3.470044     7.4669     7.4687     77.322    112.146     1.6672    1.92685     76.676  0.000e+00
   3.470064     7.4670     7.4688     77.332    112.161     1.6661    1.92685     76.687  0.000e+00
   3.470044     7.4670     7.4688     77.332    112.161     1.6689    1.92685     76.687  0.000e+00
   3.470070     7.4674     7.4692     77.311    112.130     1.6697    1.92685     76.665  0.000e+00
   3.470064     7.4672     7.4690     77.310    112.129     1.6683    1.93037     76.664  0.000e+00
   3.470084     7.4673     7.4690     77.322    112.146     1.6678    1.93037     76.676  0.000e+00
   3.470044     7.4673     7.4691     77.344    112.178     1.6675    1.93037     76.698  0.000e+00
   3.470064     7.4674     7.4692     77.334    112.164     1.6661    1.93037     76.688  0.000e+00
   3.470064     7.4675     7.4693     77.345    112.180     1.6644    1.93037     76.699  0.000e+00
   3.470084     7.4675     7.4693     77.357    112.197     1.6672    1.93037     76.711  0.000e+00
   3.470090     7.4679     7.4697     77.347    112.183     1.6683    1.93037     76.701  0.000e+00
   3.470130     7.4679     7.4697     77.347    112.183     1.6678    1.93037     76.701  0.000e+00
   3.470103     7.4681     7.4699     77.357    112.197     1.6666    1.92911     76.711  0.000e+00
   3.470149     7.4682     7.4700     77.379    112.228     1.6689    1.92911     76.732  0.000e+00
   3.470149     7.4681     7.4699     77.356    112.195     1.6652    1.92911     76.710  0.000e+00
   3.470169     7.4684     7.4702     77.379    112.228     1.6680    1.92911     76.732  0.000e+00
   3.470156     7.4686     7.4704     77.379    112.228     1.6644    1.92911     76.732  0.000e+00
   3.470189     7.4688     7.4706     77.358    112.198     1.6675    1.92911     76.712  0.000e+00
   3.470189     7.4689     7.4706     77.346    112.181     1.6674    1.92911     76.700  0.000e+00
   3.470215     7.4686     7.4704     77.303    112.118     1.6683    1.92911     76.657  0.000e+00
   3.470189     7.4691     7.4709     77.303    112.118     1.6680    1.92867     76.657  0.000e+00
   3.470215     7.4691     7.4709     77.314    112.134     1.6688    1.92867     76.668  0.000e+00
   3.470215     7.4693     7.4710     77.290    112.100     1.6655    1.92867     76.645  0.000e+00
   3.470156     7.4692     7.4710     77.280    112.086     1.6683    1.92867     76.635  0.000e+00
   3.470215     7.4691     7.4709     77.292    112.103     1.6666    1.92867     76.647  0.000e+00
   3.470189     7.4694     7.4712     77.313    112.133     1.6671    1.92867     76.667  0.000e+00
   3.470189     7.4694     7.4712     77.325    112.150     1.6660    1.92867     76.679  0.000e+00
   3.470215     7.4694     7.4712     77.333    112.163     1.6714    1.92867     76.688  0.000e+00
   3.470215     7.4694     7.4712     77.334    112.164     1.6677    1.92862     76.688  0.000e+00
   3.470116     7.4693     7.4710     77.357    112.197     1.6686    1.92862     76.711  0.000e+00
   3.470130     7.4689     7.4706     77.358    112.198     1.6649    1.92862     76.712  0.000e+00
   3.470103     7.4685     7.4702     77.346    112.181     1.6641    1.92862     76.700  0.000e+00
   3.470084     7.4681     7.4699     77.345    112.180     1.6664    1.92862     76.699  0.000e+00
   3.470064     7.4680     7.4698     77.302    112.117     1.6652    1.92862     76.656  0.000e+00
   3.470064     7.4678     7.4696     77.324    112.148     1.6678    1.92862     76.678  0.000e+00
   3.470064     7.4677     7.4695     77.325    112.150     1.6647    1.92862     76.679  0.000e+00
   3.470044     7.4674     7.4692     77.333    112.163     1.6681    1.92837     76.688  0.000e+00
   3.470024     7.4675     7.4693     77.290    112.100     1.6655    1.92837     76.645  0.000e+00
   3.469998     7.4674     7.4692     77.280    112.086     1.6678    1.92837     76.635  0.000e+00
   3.470018     7.4671     7.4689     77.278    112.083     1.6706    1.92837     76.633  0.000e+00
   3.470018     7.4671     7.4689     77.268    112.067     1.6655    1.92837     76.622  0.000e+00
   3.469998     7.4667     7.4685     77.257    112.052     1.6672    1.92837     76.612  0.000e+00
   3.469998     7.4669     7.4687     77.289    112.099     1.6672    1.92837     76.644  0.000e+00
   3.470024     7.4669     7.4687     77.280    112.086     1.6695    1.92837     76.635  0.000e+00
   3.469998     7.4670     7.4688     77.269    112.069     1.6655    1.92670     76.623  0.000e+00
   3.470018     7.4669     7.4687     77.279    112.084     1.6667    1.92670     76.634  0.000e+00
   3.470064     7.4669     7.4687     77.279    112.084     1.6672    1.92670     76.634  0.000e+00
   3.470018     7.4670     7.4688     77.280    112.086     1.6689    1.92670     76.635  0.000e+00
   3.470064     7.4670     7.4688     77.293    112.104     1.6689    1.92670     76.648  0.000e+00
   3.470044     7.4670     7.4688     77.270    112.070     1.6692    1.92670     76.624  0.000e+00
   3.470084     7.4671     7.4689     77.281    112.087     1.6706    1.92670     76.636  0.000e+00
   3.470044     7.4672     7.4690     77.270    112.070     1.6700    1.92670     76.624  0.000e+00
   3.470064     7.4676     7.4694     77.280    112.086     1.6661    1.92793     76.635  0.000e+00
   3.470044     7.4673     7.4690     77.225    112.006     1.6728    1.92793     76.580  0.000e+00
   3.470084     7.4676     7.4694     77.236    112.022     1.6711    1.92793     76.591  0.000e+00
   3.470084     7.4676     7.4694     77.227    112.009     1.6725    1.92793     76.582  0.000e+00
   3.470070     7.4677     7.4694     77.195    111.962     1.6720    1.92793     76.550  0.000e+00
   3.470064     7.4676     7.4694     77.184    111.946     1.6697    1.92793     76.539  0.000e+00
   3.470064     7.4676     7.4694     77.161    111.913     1.6677    1.92793     76.517  0.000e+00
   3.470044     7.4676     7.4694     77.161    111.912     1.6717    1.92793     76.516  0.000e+00
   3.470044     7.4674     7.4692     77.140    111.882     1.6675    1.92900     76.496  0.000e+00
   3.470064     7.4674     7.4692     77.161    111.913     1.6689    1.92900     76.517  0.000e+00
   3.470090     7.4675     7.4693     77.161    111.912     1.6714    1.92900     76.516  0.000e+00
   3.470064     7.4673     7.4690     77.149    111.895     1.6683    1.92900     76.504  0.000e+00
