data/sbe19plusV2/PORT_CTD5048_DO1360CT1460Op302_Hauls_27to29_26May2016.cnv
* Sea-Bird SBE19plus Data File:
* FileName = C:\2016_CTD_DataFiles\Excalibur_CTD_2016\Excalibur_2016_CTD_Leg1\SeabirdOps\PORT_CTD5048_DO1360CT1460Op302_Hauls_27to29_26May2016.hex
* Software Version 1.59
* Temperature SN =  5048
* Conductivity SN =  5048
* System UpLoad Time = May 26 2016 20:18:07
* ds
* SBE 19plus V 2.5.2  SERIAL NO. 5048    26 May 2016 20:06:40
# nquan = 9
# nvalues = 26113                                 
# units = specified
# name 0 = c0S/m: Conductivity [S/m]
# name 1 = tv290C: Temperature [ITS-90, deg C]
# name 2 = tv268C: Temperature [IPTS-68, deg C]
# name 3 = prdM: Pressure, Strain Gauge [db]
# name 4 = prdE: Pressure, Strain Gauge [psi]
# name 5 = sbeox0ML/L: Oxygen, SBE 43 [ml/l]
# name 6 = opoxML/L: Oxygen Optode, Aanderaa [ml/l]
# name 7 = depSM: Depth [salt water, m], lat = 45.54
# name 8 = flag:  0.000e+00
# span 0 =  -0.037032,   3.753324                 
# span 1 =     7.4402,    13.2155                 
# span 2 =     7.4420,    13.2187                 
# span 3 =      0.022,     78.858                 
# span 4 =      0.032,    114.374                 
# span 5 =    -2.0387,    17.5758                 
# span 6 =   -0.22389,   10.15117                 
# span 7 =      0.022,     78.199                 
# span 8 = 0.0000e+00, 0.0000e+00                 
# interval = seconds: 0.25
# start_time = May 26 2016 14:18:47 [Instrument's time stamp, header]
# bad_flag = -9.990e-29
*END*
[from data line 20161]
   3.504541     8.0656     8.0675     57.485     83.374    -1.6756   10.12804     57.007  0.000e+00
   3.504541     8.0656     8.0675     57.495     83.389    -1.6756   10.12804     57.017  0.000e+00
   3.504522     8.0656     8.0676     57.485     83.374    -1.6747   10.12804     57.007  0.000e+00
   3.504495     8.0656     8.0675     57.496     83.392    -1.6764   10.12804     57.019  0.000e+00
   3.504495     8.0656     8.0675     57.485     83.374    -1.6736   10.12804     57.007  0.000e+00
   3.504475     8.0656     8.0675     57.486     83.376    -1.6756   10.12804     57.008  0.000e+00
   3.504436     8.0653     8.0673     57.496     83.392    -1.6759   10.12804     57.019  0.000e+00
   3.504416     8.0656     8.0676     57.486     83.376    -1.6756   10.12804     57.008  0.000e+00
   3.504456     8.0653     8.0673     57.497     83.393    -1.6756   10.12804     57.020  0.000e+00
   3.504475     8.0653     8.0673     57.497     83.393    -1.6764   10.12804     57.020  0.000e+00
   3.504475     8.0653     8.0673     57.496     83.392    -1.6742   10.12804     57.019  0.000e+00
   3.504475     8.0652     8.0671     57.518     83.423    -1.6759   10.12804     57.040  0.000e+00
   3.504456     8.0653     8.0673     57.506     83.406    -1.6778   10.12804     57.029  0.000e+00
   3.504456     8.0651     8.0671     57.516     83.420    -1.6770   10.12804     57.038  0.000e+00
   3.504475     8.0650     8.0669     57.506     83.406    -1.6778   10.12804     57.029  0.000e+00
   3.504475     8.0652     8.0672     57.495     83.390    -1.6748   10.12804     57.018  0.000e+00
   3.504475     8.0651     8.0670     57.474     83.359    -1.6764   10.12804     56.997  0.000e+00
   3.504456     8.0651     8.0671     57.484     83.373    -1.6786   10.12804     57.006  0.000e+00
   3.504456     8.0651     8.0670     57.460     83.339    -1.6770   10.12804     56.983  0.000e+00
   3.504475     8.0650     8.0669     57.438     83.306    -1.6800   10.12804     56.961  0.000e+00
   3.504495     8.0652     8.0671     57.437     83.305    -1.6767   10.12804     56.960  0.000e+00
   3.504462     8.0651     8.0671     57.414     83.272    -1.6756   10.12804     56.937  0.000e+00
   3.504449     8.0650     8.0669     57.404     83.258    -1.6764   10.12804     56.927  0.000e+00
   3.504475     8.0651     8.0670     57.381     83.223    -1.6756   10.12804     56.904  0.000e+00
   3.504456     8.0650     8.0669     57.381     83.223    -1.6781   10.12804     56.904  0.000e+00
   3.504482     8.0650     8.0669     57.359     83.192    -1.6764   10.12804     56.883  0.000e+00
   3.504436     8.0652     8.0672     57.359     83.192    -1.6756   10.12804     56.883  0.000e+00
   3.504456     8.0649     8.0669     57.360     83.194    -1.6758   10.12804     56.884  0.000e+00
   3.504475     8.0651     8.0670     57.350     83.179    -1.6764   10.12804     56.874  0.000e+00
   3.504475     8.0651     8.0671     57.317     83.131    -1.6775   10.12804     56.841  0.000e+00
   3.504495     8.0651     8.0670     57.349     83.178    -1.6750   10.12804     56.873  0.000e+00
   3.504455     8.0652     8.0671     57.337     83.161    -1.6767   10.12804     56.861  0.000e+00
   3.504455     8.0651     8.0671     57.326     83.144    -1.6742   10.12804     56.849  0.000e+00
   3.504475     8.0651     8.0670     57.327     83.145    -1.6764   10.12804     56.850  0.000e+00
   3.504455     8.0651     8.0671     57.316     83.129    -1.6758   10.12804     56.840  0.000e+00
   3.504482     8.0651     8.0670     57.348     83.176    -1.6756   10.12804     56.872  0.000e+00
   3.504455     8.0652     8.0672     57.315     83.128    -1.6758   10.12804     56.839  0.000e+00
   3.504475     8.0653     8.0672     57.336     83.159    -1.6747   10.12804     56.860  0.000e+00
   3.504455     8.0651     8.0670     57.358     83.191    -1.6769   10.12804     56.882  0.000e+00
   3.504456     8.0653     8.0673     57.380     83.222    -1.6783   10.12804     56.903  0.000e+00
   3.504475     8.0652     8.0671     57.369     83.206    -1.6769   10.12804     56.892  0.000e+00
   3.504475     8.0652     8.0671     57.368     83.205    -1.6758   10.12804     56.891  0.000e+00
   3.504475     8.0653     8.0672     57.388     83.235    -1.6778   10.12804     56.912  0.000e+00
   3.504475     8.0653     8.0673     57.388     83.235    -1.6800   10.12804     56.912  0.000e+00
   3.504456     8.0650     8.0669     57.410     83.266    -1.6800   10.12804     56.933  0.000e+00
   3.504456     8.0652     8.0672     57.422     83.283    -1.6794   10.12804     56.945  0.000e+00
   3.504456     8.0652     8.0672     57.399     83.251    -1.6786   10.12804     56.923  0.000e+00
   3.504475     8.0652     8.0671     57.400     83.252    -1.6794   10.12804     56.924  0.000e+00
   3.504475     8.0652     8.0671     57.390     83.238    -1.6794   10.12804     56.914  0.000e+00
   3.504508     8.0651     8.0671     57.390     83.238    -1.6800   10.12804     56.914  0.000e+00
   3.504475     8.0652     8.0671     57.381     83.223    -1.6800   10.12804     56.904  0.000e+00
   3.504455     8.0652     8.0672     57.336     83.159    -1.6808   10.12804     56.860  0.000e+00
   3.504475     8.0653     8.0672     57.348     83.176    -1.6791   10.12804     56.872  0.000e+00
   3.504495     8.0653     8.0672     57.316     83.129    -1.6791   10.12804     56.840  0.000e+00
   3.504495     8.0653     8.0673     57.327     83.145    -1.6764   10.12804     56.850  0.000e+00
   3.504475     8.0652     8.0672     57.293     83.097    -1.6775   10.12804     56.817  0.000e+00
   3.504495     8.0653     8.0673     57.261     83.050    -1.6780   10.12804     56.785  0.000e+00
   3.504522     8.0652     8.0672     57.239     83.018    -1.6747   10.12804     56.764  0.000e+00
   3.504495     8.0653     8.0673     57.250     83.034    -1.6780   10.12804     56.774  0.000e+00
   3.504475     8.0655     8.0674     57.216     82.985    -1.6766   10.12804     56.741  0.000e+00
   3.504475     8.0652     8.0672     57.195     82.954    -1.6764   10.12804     56.720  0.000e+00
   3.504455     8.0653     8.0673     57.173     82.923    -1.6747   10.12804     56.698  0.000e+00
   3.504495     8.0655     8.0675     57.195     82.954    -1.6777   10.12804     56.720  0.000e+00
   3.504508     8.0655     8.0675     57.215     82.984    -1.6755   10.12804     56.740  0.000e+00
   3.504475     8.0655     8.0675     57.226     83.000    -1.6777   10.12804     56.751  0.000e+00
   3.504495     8.0656     8.0676     57.259     83.047    -1.6791   10.12804     56.783  0.000e+00
   3.504475     8.0655     8.0675     57.270     83.062    -1.6764   10.12804     56.794  0.000e+00
   3.504455     8.0659     8.0678     57.280     83.078    -1.6786   10.12804     56.805  0.000e+00
   3.504436     8.0655     8.0675     57.324     83.141    -1.6819   10.12804     56.848  0.000e+00
   3.504522     8.0658     8.0677     57.333     83.155    -1.6802   10.12804     56.857  0.000e+00
   3.504522     8.0658     8.0677     57.323     83.139    -1.6811   10.12804     56.847  0.000e+00
   3.504495     8.0657     8.0676     57.333     83.155    -1.6836   10.12804     56.857  0.000e+00
   3.504495     8.0658     8.0677     57.354     83.185    -1.6824   10.12804     56.878  0.000e+00
   3.504522     8.0659     8.0678     57.332     83.152    -1.6802   10.12804     56.855  0.000e+00
   3.504495     8.0656     8.0675     57.342     83.168    -1.6758   10.12804     56.866  0.000e+00
   3.504522     8.0658     8.0677     57.343     83.169    -1.6758   10.12804     56.867  0.000e+00
   3.504495     8.0656     8.0676     57.309     83.120    -1.6777   10.12804     56.833  0.000e+00
   3.504508     8.0658     8.0677     57.287     83.088    -1.6766   10.12804     56.812  0.000e+00
   3.504495     8.0659     8.0678     57.297     83.102    -1.6777   10.12804     56.821  0.000e+00
   3.504522     8.0658     8.0677     57.266     83.057    -1.6769   10.12804     56.790  0.000e+00
   3.504522     8.0660     8.0679     57.266     83.057    -1.6791   10.12804     56.790  0.000e+00
   3.504522     8.0659     8.0679     57.265     83.055    -1.6791   10.12804     56.789  0.000e+00
   3.504522     8.0657     8.0676     57.263     83.053    -1.6802   10.12804     56.787  0.000e+00
   3.504495     8.0659     8.0679     57.262     83.051    -1.6766   10.12804     56.786  0.000e+00
   3.504522     8.0659     8.0678     57.293     83.097    -1.6791   10.12804     56.817  0.000e+00
   3.504541     8.0659     8.0678     57.293     83.097    -1.6802   10.12804     56.817  0.000e+00
   3.504475     8.0659     8.0679     57.282     83.081    -1.6791   10.12804     56.807  0.000e+00
   3.504475     8.0658     8.0677     57.282     83.081    -1.6780   10.12804     56.807  0.000e+00
   3.504495     8.0660     8.0680     57.294     83.098    -1.6783   10.12804     56.818  0.000e+00
   3.504522     8.0660     8.0680     57.263     83.053    -1.6791   10.12804     56.787  0.000e+00
   3.504541     8.0660     8.0679     57.252     83.037    -1.6783   10.12804     56.777  0.000e+00
   3.504508     8.0663     8.0683     57.263     83.053    -1.6799   10.12804     56.787  0.000e+00
   3.504495     8.0661     8.0680     57.307     83.117    -1.6777   10.12804     56.831  0.000e+00
   3.504541     8.0660     8.0680     57.285     83.085    -1.6799   10.12804     56.810  0.000e+00
   3.504436     8.0663     8.0682     57.285     83.085    -1.6799   10.12804     56.810  0.000e+00
   3.504522     8.0661     8.0680     57.295     83.100    -1.6777   10.12804     56.819  0.000e+00
   3.504541     8.0662     8.0682     57.262     83.051    -1.6791   10.12804     56.786  0.000e+00
   3.504522     8.0662     8.0682     57.284     83.084    -1.6791   10.12804     56.809  0.000e+00
   3.504475     8.0659     8.0679     57.285     83.085    -1.6799   10.12804     56.810  0.000e+00
   3.504475     8.0663     8.0682     57.275     83.070    -1.6780   10.12804     56.799  0.000e+00
   3.504495     8.0661     8.0680     57.276     83.073    -1.6791   10.12804     56.801  0.000e+00
   3.504522     8.0661     8.0680     57.297     83.102    -1.6791   10.12804     56.821  0.000e+00
   3.504522     8.0662     8.0681     57.264     83.054    -1.6791   10.12804     56.788  0.000e+00
   3.504541     8.0660     8.0680     57.285     83.085    -1.6791   10.12804     56.810  0.000e+00
   3.504455     8.0659     8.0678     57.274     83.068    -1.6791   10.12804     56.798  0.000e+00
   3.504528     8.0659     8.0678     57.282     83.081    -1.6791   10.12804     56.807  0.000e+00
   3.504495     8.0659     8.0679     57.272     83.065    -1.6816   10.12804     56.796  0.000e+00
   3.504409     8.0659     8.0679     57.271     83.064    -1.6799   10.12804     56.795  0.000e+00
   3.504495     8.0660     8.0679     57.281     83.080    -1.6791   10.12804     56.806  0.000e+00
   3.504455     8.0659     8.0678     57.302     83.110    -1.6800   10.12804     56.826  0.000e+00
   3.504455     8.0660     8.0679     57.281     83.080    -1.6791   10.12804     56.806  0.000e+00
   3.504522     8.0660     8.0679     57.313     83.125    -1.6799   10.12804     56.837  0.000e+00
   3.504436     8.0661     8.0680     57.313     83.125    -1.6830   10.12804     56.837  0.000e+00
   3.504436     8.0660     8.0680     57.312     83.124    -1.6808   10.12804     56.836  0.000e+00
   3.504455     8.0659     8.0679     57.322     83.138    -1.6808   10.12804     56.846  0.000e+00
   3.504495     8.0658     8.0677     57.333     83.154    -1.6811   10.12804     56.857  0.000e+00
   3.504522     8.0658     8.0677     57.322     83.138    -1.6777   10.12804     56.846  0.000e+00
   3.504495     8.0657     8.0676     57.344     83.171    -1.6800   10.12804     56.868  0.000e+00
   3.504495     8.0659     8.0678     57.323     83.140    -1.6811   10.12804     56.847  0.000e+00
   3.504508     8.0656     8.0675     57.334     83.155    -1.6808   10.12804     56.857  0.000e+00
   3.504522     8.0658     8.0677     57.311     83.123    -1.6791   10.12804     56.835  0.000e+00
   3.504522     8.0658     8.0677     57.290     83.093    -1.6808   10.12804     56.815  0.000e+00
   3.504495     8.0656     8.0676     57.289     83.091    -1.6800   10.12804     56.814  0.000e+00
   3.504522     8.0656     8.0676     57.269     83.061    -1.6808   10.12804     56.793  0.000e+00
   3.504475     8.0657     8.0676     57.269     83.061    -1.6794   10.12804     56.793  0.000e+00
   3.504475     8.0657     8.0676     57.269     83.061    -1.6786   10.12804     56.793  0.000e+00
   3.504495     8.0658     8.0677     57.256     83.043    -1.6794   10.12804     56.781  0.000e+00
   3.504475     8.0656     8.0675     57.268     83.060    -1.6775   10.12804     56.792  0.000e+00
   3.504455     8.0656     8.0676     57.258     83.046    -1.6777   10.12804     56.782  0.000e+00
   3.504475     8.0656     8.0676     57.291     83.094    -1.6786   10.12804     56.816  0.000e+00
   3.504495     8.0653     8.0672     57.302     83.110    -1.6764   10.12804     56.826  0.000e+00
   3.504475     8.0657     8.0676     57.301     83.108    -1.6769   10.12804     56.825  0.000e+00
   3.504495     8.0657     8.0676     57.344     83.171    -1.6791   10.12804     56.868  0.000e+00
   3.504482     8.0656     8.0675     57.354     83.185    -1.6778   10.12804     56.878  0.000e+00
   3.504475     8.0659     8.0678     57.354     83.185    -1.6816   10.12804     56.878  0.000e+00
   3.504475     8.0658     8.0677     57.365     83.201    -1.6780   10.12804     56.889  0.000e+00
   3.504475     8.0656     8.0675     57.386     83.231    -1.6803   10.12804     56.909  0.000e+00
   3.504495     8.0657     8.0676     57.386     83.231    -1.6816   10.12804     56.909  0.000e+00
   3.504475     8.0656     8.0676     57.397     83.247    -1.6808   10.12804     56.920  0.000e+00
   3.504475     8.0659     8.0679     57.407     83.262    -1.6791   10.12804     56.931  0.000e+00
   3.504522     8.0660     8.0679     57.397     83.247    -1.6794   10.12804     56.920  0.000e+00
   3.504495     8.0658     8.0677     57.418     83.278    -1.6800   10.12804     56.941  0.000e+00
   3.504495     8.0658     8.0677     57.375     83.215    -1.6802   10.12804     56.898  0.000e+00
   3.504475     8.0658     8.0677     57.376     83.217    -1.6791   10.12804     56.899  0.000e+00
   3.504495     8.0656     8.0676     57.364     83.200    -1.6794   10.12804     56.888  0.000e+00
   3.504495     8.0658     8.0677     57.363     83.198    -1.6769   10.12804     56.887  0.000e+00
   3.504495     8.0658     8.0677     57.363     83.198    -1.6794   10.12804     56.887  0.000e+00
   3.504482     8.0659     8.0678     57.364     83.200    -1.6786   10.12804     56.888  0.000e+00
   3.504475     8.0660     8.0679     57.363     83.198    -1.6766   10.12804     56.887  0.000e+00
   3.504495     8.0658     8.0677     57.375     83.215    -1.6783   10.12804     56.898  0.000e+00
   3.504522     8.0661     8.0680     57.396     83.245    -1.6786   10.12804     56.919  0.000e+00
   3.504495     8.0659     8.0678     57.405     83.260    -1.6783   10.12804     56.929  0.000e+00
   3.504522     8.0659     8.0678     57.426     83.289    -1.6794   10.12804     56.949  0.000e+00
   3.504475     8.0659     8.0678     57.415     83.274    -1.6825   10.12804     56.938  0.000e+00
   3.504522     8.0659     8.0678     57.435     83.302    -1.6814   10.12804     56.958  0.000e+00
   3.504495     8.0660     8.0679     57.413     83.271    -1.6811   10.12804     56.937  0.000e+00
   3.504495     8.0660     8.0680     57.402     83.254    -1.6800   10.12804     56.925  0.000e+00
   3.504495     8.0659     8.0678     57.411     83.268    -1.6791   10.12804     56.935  0.000e+00
   3.504522     8.0662     8.0681     57.401     83.253    -1.6777   10.12804     56.924  0.000e+00
