data/sbe19plusV2/PORT_CTD5048_DO1360CT1460Op302_Hauls_27to29_26May2016.cnv
* Sea-Bird SBE19plus Data File:
* FileName = C:\2016_CTD_DataFiles\Excalibur_CTD_2016\Excalibur_2016_CTD_Leg1\SeabirdOps\PORT_CTD5048_DO1360CT1460Op302_Hauls_27to29_26May2016.hex
* Software Version 1.59
* Temperature SN =  5048
* Conductivity SN =  5048
* System UpLoad Time = May 26 2016 20:18:07
* ds
* SBE 19plus V 2.5.2  SERIAL NO. 5048    26 May 2016 20:06:40
# nquan = 9
# nvalues = 26113                                 
# units = specified
# name 0 = c0S/m: Conductivity [S/m]
# name 1 = tv290C: Temperature [ITS-90, deg C]
# name 2 = tv268C: Temperature [IPTS-68, deg C]
# name 3 = prdM: Pressure, Strain Gauge [db]
# name 4 = prdE: Pressure, Strain Gauge [psi]
# name 5 = sbeox0ML/L: Oxygen, SBE 43 [ml/l]
# name 6 = opoxML/L: Oxygen Optode, Aanderaa [ml/l]
# name 7 = depSM: Depth [salt water, m], lat = 45.54
# name 8 = flag:  0.000e+00
# span 0 =  -0.037032,   3.753324                 
# span 1 =     7.4402,    13.2155                 
# span 2 =     7.4420,    13.2187                 
# span 3 =      0.022,     78.858                 
# span 4 =      0.032,    114.374                 
# span 5 =    -2.0387,    17.5758                 
# span 6 =   -0.22389,   10.15117                 
# span 7 =      0.022,     78.199                 
# span 8 = 0.0000e+00, 0.0000e+00                 
# interval = seconds: 0.25
# start_time = May 26 2016 14:18:47 [Instrument's time stamp, header]
# bad_flag = -9.990e-29
*END*
[from data line 5441]
   3.470320     7.4705     7.4722     77.148    111.893     1.6634    1.92613     76.503  0.000e+00
   3.470301     7.4705     7.4722     77.126    111.862     1.6620    1.92613     76.482  0.000e+00
   3.470274     7.4703     7.4721     77.137    111.878     1.6617    1.92613     76.493  0.000e+00
   3.470320     7.4706     7.4724     77.093    111.814     1.6606    1.92528     76.449  0.000e+00
   3.470294     7.4705     7.4722     77.093    111.814     1.6598    1.92528     76.449  0.000e+00
   3.470320     7.4705     7.4722     77.071    111.782     1.6640    1.92528     76.427  0.000e+00
   3.470301     7.4705     7.4723     77.059    111.765     1.6623    1.92528     76.416  0.000e+00
   3.470301     7.4705     7.4723     77.049    111.749     1.6586    1.92528     76.405  0.000e+00
   3.470301     7.4705     7.4723     77.038    111.734     1.6609    1.92528     76.394  0.000e+00
   3.470301     7.4706     7.4724     77.027    111.718     1.6609    1.92528     76.384  0.000e+00
   3.470294     7.4706     7.4724     77.049    111.749     1.6606    1.92528     76.405  0.000e+00
   3.470274     7.4704     7.4722     77.070    111.781     1.6623    1.92696     76.426  0.000e+00
   3.470274     7.4705     7.4723     77.059    111.765     1.6589    1.92696     76.416  0.000e+00
   3.470274     7.4705     7.4722     77.039    111.735     1.6659    1.92696     76.395  0.000e+00
   3.470274     7.4703     7.4721     77.059    111.765     1.6612    1.92696     76.416  0.000e+00
   3.470274     7.4704     7.4722     77.060    111.766     1.6665    1.92696     76.417  0.000e+00
   3.470294     7.4703     7.4721     77.094    111.815     1.6657    1.92696     76.450  0.000e+00
   3.470274     7.4702     7.4720     77.083    111.799     1.6645    1.92696     76.439  0.000e+00
   3.470274     7.4703     7.4721     77.082    111.798     1.6668    1.92696     76.438  0.000e+00
   3.470255     7.4702     7.4720     77.104    111.829     1.6634    1.92401     76.460  0.000e+00
   3.470274     7.4702     7.4720     77.114    111.845     1.6657    1.92401     76.470  0.000e+00
   3.470320     7.4703     7.4721     77.125    111.861     1.6640    1.92401     76.481  0.000e+00
   3.470274     7.4705     7.4723     77.137    111.878     1.6679    1.92401     76.493  0.000e+00
   3.470274     7.4704     7.4722     77.169    111.925     1.6659    1.92401     76.525  0.000e+00
   3.470320     7.4707     7.4725     77.167    111.922     1.6665    1.92401     76.523  0.000e+00
   3.470340     7.4703     7.4721     77.158    111.908     1.6659    1.92401     76.513  0.000e+00
   3.470274     7.4705     7.4722     77.168    111.923     1.6671    1.92401     76.524  0.000e+00
   3.470255     7.4705     7.4722     77.167    111.922     1.6671    1.92640     76.523  0.000e+00
   3.470274     7.4706     7.4724     77.177    111.936     1.6662    1.92640     76.533  0.000e+00
   3.470301     7.4707     7.4725     77.177    111.936     1.6724    1.92640     76.533  0.000e+00
   3.470248     7.4706     7.4724     77.188    111.952     1.6688    1.92640     76.543  0.000e+00
   3.470274     7.4706     7.4724     77.165    111.919     1.6665    1.92640     76.521  0.000e+00
   3.470274     7.4705     7.4723     77.155    111.903     1.6710    1.92640     76.510  0.000e+00
   3.470274     7.4705     7.4723     77.133    111.872     1.6676    1.92640     76.489  0.000e+00
   3.470301     7.4707     7.4725     77.133    111.872     1.6693    1.92640     76.489  0.000e+00
   3.470255     7.4705     7.4723     77.134    111.873     1.6659    1.92396     76.490  0.000e+00
   3.470314     7.4706     7.4724     77.112    111.842     1.6679    1.92396     76.468  0.000e+00
   3.470320     7.4705     7.4722     77.122    111.856     1.6665    1.92396     76.478  0.000e+00
   3.470320     7.4706     7.4724     77.111    111.841     1.6701    1.92396     76.467  0.000e+00
   3.470320     7.4707     7.4725     77.101    111.825     1.6701    1.92396     76.457  0.000e+00
   3.470274     7.4706     7.4724     77.102    111.826     1.6724    1.92396     76.458  0.000e+00
   3.470274     7.4706     7.4724     77.111    111.841     1.6676    1.92396     76.467  0.000e+00
   3.470255     7.4703     7.4721     77.111    111.841     1.6693    1.92396     76.467  0.000e+00
   3.470274     7.4706     7.4724     77.091    111.811     1.6676    1.92712     76.447  0.000e+00
   3.470294     7.4703     7.4721     77.113    111.843     1.6685    1.92712     76.469  0.000e+00
   3.470255     7.4705     7.4722     77.135    111.875     1.6713    1.92712     76.491  0.000e+00
   3.470255     7.4703     7.4721     77.147    111.892     1.6668    1.92712     76.502  0.000e+00
   3.470301     7.4703     7.4721     77.105    111.831     1.6665    1.92712     76.461  0.000e+00
   3.470274     7.4703     7.4721     77.105    111.831     1.6643    1.92712     76.461  0.000e+00
   3.470301     7.4705     7.4722     77.093    111.814     1.6676    1.92712     76.449  0.000e+00
   3.470294     7.4703     7.4721     77.072    111.784     1.6645    1.92712     76.428  0.000e+00
   3.470301     7.4702     7.4720     77.061    111.768     1.6673    1.92251     76.418  0.000e+00
   3.470274     7.4703     7.4721     77.062    111.769     1.6671    1.92251     76.419  0.000e+00
   3.470320     7.4703     7.4721     77.051    111.754     1.6662    1.92251     76.408  0.000e+00
   3.470274     7.4702     7.4720     77.050    111.752     1.6651    1.92251     76.407  0.000e+00
   3.470301     7.4703     7.4721     77.062    111.769     1.6645    1.92251     76.419  0.000e+00
   3.470294     7.4703     7.4721     77.051    111.754     1.6665    1.92251     76.408  0.000e+00
   3.470274     7.4703     7.4721     77.051    111.754     1.6631    1.92251     76.408  0.000e+00
   3.470301     7.4703     7.4721     77.031    111.724     1.6662    1.92251     76.387  0.000e+00
   3.470301     7.4702     7.4720     77.042    111.739     1.6668    1.92558     76.398  0.000e+00
   3.470274     7.4703     7.4721     77.020    111.708     1.6654    1.92558     76.377  0.000e+00
   3.470274     7.4705     7.4722     77.030    111.722     1.6628    1.92558     76.386  0.000e+00
   3.470274     7.4705     7.4722     77.031    111.724     1.6623    1.92558     76.387  0.000e+00
   3.470274     7.4704     7.4722     77.040    111.737     1.6670    1.92558     76.396  0.000e+00
   3.470274     7.4702     7.4720     77.040    111.737     1.6645    1.92558     76.396  0.000e+00
   3.470274     7.4703     7.4721     77.009    111.692     1.6625    1.92558     76.366  0.000e+00
   3.470274     7.4703     7.4721     76.988    111.661     1.6628    1.92558     76.345  0.000e+00
   3.470255     7.4703     7.4721     76.998    111.677     1.6662    1.92327     76.355  0.000e+00
   3.470274     7.4702     7.4720     76.987    111.660     1.6659    1.92327     76.344  0.000e+00
   3.470274     7.4703     7.4721     76.997    111.675     1.6654    1.92327     76.354  0.000e+00
   3.470274     7.4702     7.4720     76.998    111.677     1.6623    1.92327     76.355  0.000e+00
   3.470274     7.4702     7.4720     76.987    111.660     1.6670    1.92327     76.344  0.000e+00
   3.470301     7.4705     7.4722     76.988    111.661     1.6637    1.92327     76.345  0.000e+00
   3.470255     7.4702     7.4720     77.020    111.708     1.6628    1.92327     76.377  0.000e+00
   3.470255     7.4702     7.4720     76.997    111.675     1.6668    1.92327     76.354  0.000e+00
   3.470274     7.4703     7.4721     76.996    111.674     1.6659    1.92683     76.353  0.000e+00
   3.470274     7.4702     7.4720     77.029    111.721     1.6673    1.92683     76.385  0.000e+00
   3.470301     7.4704     7.4722     77.017    111.704     1.6659    1.92683     76.374  0.000e+00
   3.470301     7.4702     7.4720     77.028    111.719     1.6679    1.92683     76.385  0.000e+00
   3.470274     7.4703     7.4721     77.081    111.796     1.6696    1.92683     76.437  0.000e+00
   3.470301     7.4704     7.4722     77.081    111.796     1.6685    1.92683     76.437  0.000e+00
   3.470301     7.4704     7.4722     77.112    111.842     1.6676    1.92683     76.468  0.000e+00
   3.470274     7.4705     7.4723     77.124    111.859     1.6671    1.92683     76.480  0.000e+00
   3.470274     7.4705     7.4722     77.145    111.889     1.6690    1.92643     76.500  0.000e+00
   3.470301     7.4706     7.4724     77.157    111.906     1.6668    1.92643     76.512  0.000e+00
   3.470274     7.4705     7.4723     77.165    111.919     1.6682    1.92643     76.521  0.000e+00
   3.470320     7.4706     7.4724     77.188    111.952     1.6687    1.92643     76.543  0.000e+00
   3.470301     7.4705     7.4722     77.189    111.953     1.6671    1.92643     76.544  0.000e+00
   3.470301     7.4705     7.4723     77.221    112.000     1.6674    1.92643     76.576  0.000e+00
   3.470294     7.4706     7.4724     77.221    112.000     1.6688    1.92643     76.576  0.000e+00
   3.470274     7.4705     7.4723     77.221    112.000     1.6702    1.92643     76.576  0.000e+00
   3.470320     7.4704     7.4722     77.222    112.002     1.6696    1.92524     76.577  0.000e+00
   3.470255     7.4703     7.4721     77.211    111.985     1.6676    1.92524     76.566  0.000e+00
   3.470274     7.4705     7.4722     77.201    111.970     1.6688    1.92524     76.556  0.000e+00
   3.470274     7.4705     7.4723     77.222    112.002     1.6696    1.92524     76.577  0.000e+00
   3.470320     7.4703     7.4721     77.191    111.956     1.6685    1.92524     76.546  0.000e+00
   3.470294     7.4706     7.4724     77.170    111.926     1.6699    1.92524     76.526  0.000e+00
   3.470301     7.4703     7.4721     77.160    111.910     1.6654    1.92524     76.515  0.000e+00
   3.470301     7.4706     7.4724     77.137    111.878     1.6676    1.92524     76.493  0.000e+00
   3.470301     7.4705     7.4722     77.084    111.801     1.6673    1.92678     76.440  0.000e+00
   3.470301     7.4706     7.4724     77.060    111.766     1.6696    1.92678     76.417  0.000e+00
   3.470301     7.4706     7.4724     77.018    111.705     1.6679    1.92678     76.375  0.000e+00
   3.470274     7.4703     7.4721     76.986    111.658     1.6656    1.92678     76.343  0.000e+00
   3.470274     7.4704     7.4722     76.963    111.625     1.6687    1.92678     76.320  0.000e+00
   3.470274     7.4702     7.4720     76.951    111.608     1.6701    1.92678     76.309  0.000e+00
   3.470274     7.4703     7.4721     76.962    111.624     1.6667    1.92678     76.319  0.000e+00
   3.470274     7.4703     7.4721     76.950    111.607     1.6681    1.92678     76.308  0.000e+00
   3.470274     7.4701     7.4719     76.949    111.605     1.6673    1.92425     76.307  0.000e+00
   3.470274     7.4705     7.4722     76.940    111.593     1.6676    1.92425     76.298  0.000e+00
   3.470274     7.4703     7.4721     76.951    111.608     1.6690    1.92425     76.309  0.000e+00
   3.470274     7.4703     7.4721     76.962    111.624     1.6696    1.92425     76.319  0.000e+00
   3.470274     7.4703     7.4721     76.950    111.607     1.6684    1.92425     76.308  0.000e+00
   3.470274     7.4702     7.4720     76.960    111.621     1.6687    1.92425     76.317  0.000e+00
   3.470274     7.4703     7.4721     76.960    111.621     1.6687    1.92425     76.317  0.000e+00
   3.470274     7.4702     7.4720     76.972    111.638     1.6696    1.92425     76.329  0.000e+00
   3.470320     7.4704     7.4722     76.983    111.654     1.6696    1.92667     76.340  0.000e+00
   3.470294     7.4704     7.4722     76.995    111.672     1.6653    1.92667     76.352  0.000e+00
   3.470274     7.4705     7.4723     76.972    111.638     1.6653    1.92667     76.329  0.000e+00
   3.470274     7.4705     7.4723     76.992    111.667     1.6637    1.92667     76.349  0.000e+00
   3.470301     7.4705     7.4722     76.993    111.668     1.6684    1.92667     76.349  0.000e+00
   3.470301     7.4706     7.4724     77.026    111.717     1.6679    1.92667     76.383  0.000e+00
   3.470274     7.4705     7.4722     76.993    111.670     1.6682    1.92667     76.350  0.000e+00
   3.470301     7.4706     7.4724     77.038    111.734     1.6659    1.92667     76.394  0.000e+00
   3.470274     7.4706     7.4724     77.048    111.748     1.6687    1.92717     76.404  0.000e+00
   3.470274     7.4706     7.4724     77.057    111.762     1.6690    1.92717     76.414  0.000e+00
   3.470274     7.4706     7.4724     77.057    111.762     1.6662    1.92717     76.414  0.000e+00
   3.470274     7.4706     7.4724     77.067    111.777     1.6696    1.92717     76.424  0.000e+00
   3.470274     7.4706     7.4724     77.090    111.809     1.6637    1.92717     76.446  0.000e+00
   3.470301     7.4704     7.4722     77.100    111.824     1.6701    1.92717     76.456  0.000e+00
   3.470274     7.4706     7.4724     77.089    111.808     1.6676    1.92717     76.445  0.000e+00
   3.470255     7.4703     7.4721     77.089    111.808     1.6693    1.92717     76.445  0.000e+00
   3.470274     7.4702     7.4720     77.056    111.761     1.6696    1.92611     76.413  0.000e+00
   3.470274     7.4704     7.4722     77.054    111.758     1.6656    1.92611     76.411  0.000e+00
   3.470301     7.4703     7.4721     77.045    111.744     1.6654    1.92611     76.401  0.000e+00
   3.470255     7.4705     7.4722     77.045    111.744     1.6665    1.92611     76.401  0.000e+00
   3.470274     7.4703     7.4721     77.024    111.714     1.6665    1.92611     76.381  0.000e+00
   3.470274     7.4705     7.4722     76.991    111.665     1.6662    1.92611     76.348  0.000e+00
   3.470274     7.4702     7.4720     76.981    111.651     1.6679    1.92611     76.338  0.000e+00
   3.470274     7.4702     7.4720     76.970    111.635     1.6665    1.92611     76.327  0.000e+00
   3.470274     7.4703     7.4721     76.959    111.620     1.6634    1.92815     76.316  0.000e+00
   3.470301     7.4703     7.4721     76.970    111.635     1.6676    1.92815     76.327  0.000e+00
   3.470274     7.4704     7.4722     76.970    111.635     1.6653    1.92815     76.327  0.000e+00
   3.470301     7.4704     7.4722     76.927    111.573     1.6653    1.92815     76.284  0.000e+00
   3.470294     7.4706     7.4724     76.960    111.621     1.6639    1.92815     76.317  0.000e+00
   3.470301     7.4706     7.4724     76.938    111.590     1.6639    1.92815     76.296  0.000e+00
   3.470301     7.4705     7.4723     76.950    111.607     1.6670    1.92815     76.308  0.000e+00
   3.470274     7.4707     7.4725     76.951    111.608     1.6665    1.92815     76.309  0.000e+00
   3.470301     7.4707     7.4725     76.951    111.608     1.6656    1.92705     76.309  0.000e+00
   3.470320     7.4707     7.4725     76.953    111.611     1.6642    1.92705     76.310  0.000e+00
   3.470294     7.4705     7.4723     76.953    111.611     1.6665    1.92705     76.310  0.000e+00
   3.470255     7.4706     7.4724     76.954    111.613     1.6670    1.92705     76.311  0.000e+00
   3.470274     7.4707     7.4725     76.954    111.613     1.6673    1.92705     76.311  0.000e+00
   3.470301     7.4705     7.4723     76.964    111.627     1.6648    1.92705     76.321  0.000e+00
   3.470301     7.4706     7.4724     76.964    111.627     1.6653    1.92705     76.321  0.000e+00
   3.470320     7.4705     7.4722     76.974    111.641     1.6653    1.92705     76.331  0.000e+00
   3.470320     7.4707     7.4725     76.963    111.625     1.6679    1.92593     76.320  0.000e+00
   3.470294     7.4708     7.4726     76.952    111.610     1.6676    1.92593     76.310  0.000e+00
   3.470301     7.4708     7.4726     76.987    111.660     1.6636    1.92593     76.344  0.000e+00
   3.470340     7.4708     7.4726     76.975    111.642     1.6664    1.92593     76.332  0.000e+00
