data/sbe19plusV2/PORT_CTD5048_DO1360CT1460Op302_Hauls_27to29_26May2016.cnv
* Sea-Bird SBE19plus Data File:
* FileName = C:\2016_CTD_DataFiles\Excalibur_CTD_2016\Excalibur_2016_CTD_Leg1\SeabirdOps\PORT_CTD5048_DO1360CT1460Op302_Hauls_27to29_26May2016.hex
* Software Version 1.59
* Temperature SN =  5048
* Conductivity SN =  5048
* System UpLoad Time = May 26 2016 20:18:07
* ds
* SBE 19plus V 2.5.2  SERIAL NO. 5048    26 May 2016 20:06:40
# nquan = 9
# nvalues = 26113                                 
# units = specified
# name 0 = c0S/m: Conductivity [S/m]
# name 1 = tv290C: Temperature [ITS-90, deg C]
# name 2 = tv268C: Temperature [IPTS-68, deg C]
# name 3 = prdM: Pressure, Strain Gauge [db]
# name 4 = prdE: Pressure, Strain Gauge [psi]
# name 5 = sbeox0ML/L: Oxygen, SBE 43 [ml/l]
# name 6 = opoxML/L: Oxygen Optode, Aanderaa [ml/l]
# name 7 = depSM: Depth [salt water, m], lat = 45.54
# name 8 = flag:  0.000e+00
# span 0 =  -0.037032,   3.753324                 
# span 1 =     7.4402,    13.2155                 
# span 2 =     7.4420,    13.2187                 
# span 3 =      0.022,     78.858                 
# span 4 =      0.032,    114.374                 
# span 5 =    -2.0387,    17.5758                 
# span 6 =   -0.22389,   10.15117                 
# span 7 =      0.022,     78.199                 
# span 8 = 0.0000e+00, 0.0000e+00                 
# interval = seconds: 0.25
# start_time = May 26 2016 14:18:47 [Instrument's time stamp, header]
# bad_flag = -9.990e-29
*END*
[from data line 18881]
   3.487296     9.2670     9.2693     20.428     29.629    -1.6250   10.12804     20.260  0.000e+00
   3.487144     9.2650     9.2672     20.493     29.723    -1.6283   10.12804     20.325  0.000e+00
   3.487079     9.2634     9.2657     20.567     29.830    -1.6262   10.12804     20.398  0.000e+00
   3.487079     9.2624     9.2646     20.643     29.940    -1.6279   10.12804     20.473  0.000e+00
   3.487125     9.2616     9.2638     20.685     30.001    -1.6241   10.12804     20.515  0.000e+00
   3.487079     9.2603     9.2625     20.750     30.095    -1.6271   10.12804     20.579  0.000e+00
   3.487013     9.2590     9.2612     20.814     30.188    -1.6232   10.12804     20.643  0.000e+00
   3.486973     9.2563     9.2585     20.845     30.234    -1.6281   10.12804     20.674  0.000e+00
   3.486927     9.2530     9.2552     20.910     30.328    -1.6258   10.12804     20.738  0.000e+00
   3.486841     9.2506     9.2528     20.943     30.375    -1.6307   10.12804     20.771  0.000e+00
   3.486756     9.2488     9.2510     21.007     30.468    -1.6305   10.12804     20.834  0.000e+00
   3.486690     9.2475     9.2498     21.082     30.577    -1.6306   10.12804     20.909  0.000e+00
   3.486604     9.2465     9.2487     21.103     30.607    -1.6333   10.12804     20.930  0.000e+00
   3.486584     9.2456     9.2478     21.156     30.685    -1.6309   10.12804     20.982  0.000e+00
   3.486538     9.2455     9.2477     21.188     30.730    -1.6323   10.12804     21.014  0.000e+00
   3.486452     9.2451     9.2473     21.231     30.793    -1.6340   10.12804     21.057  0.000e+00
   3.486393     9.2444     9.2466     21.263     30.839    -1.6321   10.12804     21.088  0.000e+00
   3.486307     9.2441     9.2463     21.316     30.916    -1.6321   10.12804     21.141  0.000e+00
   3.486129     9.2433     9.2456     21.381     31.010    -1.6325   10.12804     21.205  0.000e+00
   3.485984     9.2427     9.2449     21.423     31.071    -1.6338   10.12804     21.247  0.000e+00
   3.485786     9.2415     9.2437     21.488     31.165    -1.6315   10.12804     21.311  0.000e+00
   3.485602     9.2402     9.2424     21.563     31.274    -1.6356   10.12804     21.385  0.000e+00
   3.485444     9.2390     9.2412     21.637     31.382    -1.6324   10.12804     21.460  0.000e+00
   3.485312     9.2373     9.2396     21.680     31.444    -1.6328   10.12804     21.502  0.000e+00
   3.485226     9.2357     9.2379     21.765     31.568    -1.6328   10.12804     21.586  0.000e+00
   3.485121     9.2345     9.2367     21.829     31.661    -1.6359   10.12804     21.650  0.000e+00
   3.485140     9.2330     9.2352     21.948     31.833    -1.6349   10.12804     21.768  0.000e+00
   3.485226     9.2314     9.2336     22.001     31.910    -1.6354   10.12804     21.821  0.000e+00
   3.485253     9.2306     9.2329     22.119     32.082    -1.6352   10.12804     21.938  0.000e+00
   3.485483     9.2303     9.2326     22.217     32.223    -1.6339   10.12804     22.034  0.000e+00
   3.485853     9.2300     9.2323     22.293     32.333    -1.6368   10.12804     22.109  0.000e+00
   3.486156     9.2297     9.2320     22.379     32.458    -1.6368   10.12804     22.195  0.000e+00
   3.486453     9.2299     9.2321     22.466     32.584    -1.6387   10.12804     22.281  0.000e+00
   3.486803     9.2301     9.2323     22.562     32.723    -1.6368   10.12804     22.377  0.000e+00
   3.487080     9.2300     9.2323     22.649     32.849    -1.6370   10.12804     22.462  0.000e+00
   3.487251     9.2294     9.2317     22.736     32.976    -1.6373   10.12804     22.549  0.000e+00
   3.487383     9.2290     9.2312     22.822     33.100    -1.6382   10.12804     22.634  0.000e+00
   3.487601     9.2281     9.2303     22.929     33.256    -1.6368   10.12804     22.740  0.000e+00
   3.488115     9.2258     9.2281     23.037     33.412    -1.6363   10.12804     22.848  0.000e+00
   3.488630     9.2241     9.2263     23.101     33.505    -1.6361   10.12804     22.911  0.000e+00
   3.489151     9.2222     9.2245     23.198     33.646    -1.6382   10.12804     23.008  0.000e+00
   3.489884     9.2199     9.2221     23.273     33.755    -1.6361   10.12804     23.082  0.000e+00
   3.490530     9.2178     9.2200     23.349     33.865    -1.6369   10.12804     23.157  0.000e+00
   3.491091     9.2163     9.2185     23.413     33.957    -1.6361   10.12804     23.220  0.000e+00
   3.491692     9.2152     9.2174     23.500     34.084    -1.6369   10.12804     23.307  0.000e+00
   3.492081     9.2144     9.2166     23.597     34.224    -1.6369   10.12804     23.403  0.000e+00
   3.492517     9.2135     9.2157     23.651     34.303    -1.6344   10.12804     23.456  0.000e+00
   3.492946     9.2131     9.2154     23.726     34.411    -1.6382   10.12804     23.531  0.000e+00
   3.493276     9.2128     9.2151     23.821     34.550    -1.6377   10.12804     23.625  0.000e+00
   3.493705     9.2125     9.2147     23.874     34.627    -1.6387   10.12804     23.678  0.000e+00
   3.494154     9.2123     9.2145     23.960     34.751    -1.6376   10.12804     23.763  0.000e+00
   3.494675     9.2119     9.2141     24.035     34.859    -1.6373   10.12804     23.837  0.000e+00
   3.495217     9.2115     9.2137     24.142     35.015    -1.6389   10.12804     23.943  0.000e+00
   3.495626     9.2112     9.2134     24.228     35.140    -1.6383   10.12804     24.029  0.000e+00
   3.495930     9.2106     9.2128     24.303     35.249    -1.6394   10.12804     24.103  0.000e+00
   3.496187     9.2094     9.2116     24.389     35.373    -1.6381   10.12804     24.188  0.000e+00
   3.496379     9.2075     9.2097     24.475     35.498    -1.6387   10.12804     24.274  0.000e+00
   3.496643     9.2041     9.2063     24.572     35.638    -1.6382   10.12804     24.370  0.000e+00
   3.496881     9.2007     9.2029     24.658     35.764    -1.6375   10.12804     24.455  0.000e+00
   3.496947     9.1962     9.1984     24.765     35.919    -1.6379   10.12804     24.562  0.000e+00
   3.496901     9.1895     9.1918     24.840     36.028    -1.6365   10.12804     24.636  0.000e+00
   3.496617     9.1808     9.1830     24.937     36.168    -1.6390   10.12804     24.731  0.000e+00
   3.496426     9.1726     9.1748     25.034     36.309    -1.6409   10.12804     24.828  0.000e+00
   3.496406     9.1651     9.1673     25.120     36.433    -1.6395   10.12804     24.913  0.000e+00
   3.496406     9.1595     9.1617     25.229     36.591    -1.6397   10.12804     25.021  0.000e+00
   3.496037     9.1551     9.1573     25.325     36.731    -1.6407   10.12804     25.117  0.000e+00
   3.496426     9.1511     9.1533     25.422     36.871    -1.6416   10.12804     25.212  0.000e+00
   3.496492     9.1473     9.1494     25.496     36.979    -1.6431   10.12804     25.287  0.000e+00
   3.496426     9.1434     9.1456     25.593     37.119    -1.6424   10.12804     25.382  0.000e+00
   3.496255     9.1392     9.1414     25.647     37.198    -1.6406   10.12804     25.436  0.000e+00
   3.496308     9.1361     9.1383     25.732     37.322    -1.6434   10.12804     25.521  0.000e+00
   3.496493     9.1345     9.1367     25.808     37.432    -1.6421   10.12804     25.596  0.000e+00
   3.496228     9.1338     9.1360     25.850     37.493    -1.6427   10.12804     25.638  0.000e+00
   3.496209     9.1324     9.1346     25.936     37.617    -1.6409   10.12804     25.723  0.000e+00
   3.496361     9.1309     9.1331     25.978     37.678    -1.6407   10.12804     25.765  0.000e+00
   3.496427     9.1288     9.1310     26.053     37.787    -1.6413   10.12804     25.839  0.000e+00
   3.496466     9.1251     9.1273     26.129     37.897    -1.6425   10.12804     25.914  0.000e+00
   3.496427     9.1208     9.1230     26.171     37.958    -1.6423   10.12804     25.956  0.000e+00
   3.496255     9.1168     9.1190     26.236     38.052    -1.6425   10.12804     26.020  0.000e+00
   3.495991     9.1132     9.1154     26.322     38.176    -1.6416   10.12804     26.105  0.000e+00
   3.495714     9.1081     9.1102     26.395     38.283    -1.6428   10.12804     26.178  0.000e+00
   3.495575     9.1030     9.1052     26.471     38.393    -1.6425   10.12804     26.253  0.000e+00
   3.495457     9.0982     9.1004     26.546     38.502    -1.6418   10.12804     26.327  0.000e+00
   3.495193     9.0929     9.0951     26.622     38.611    -1.6418   10.12804     26.403  0.000e+00
   3.495067     9.0873     9.0895     26.730     38.768    -1.6401   10.12804     26.510  0.000e+00
   3.494982     9.0821     9.0843     26.794     38.861    -1.6410   10.12804     26.573  0.000e+00
   3.494935     9.0770     9.0792     26.869     38.970    -1.6439   10.12804     26.647  0.000e+00
   3.494982     9.0708     9.0730     26.955     39.095    -1.6433   10.12804     26.733  0.000e+00
   3.495041     9.0648     9.0670     27.018     39.186    -1.6410   10.12804     26.796  0.000e+00
   3.495173     9.0593     9.0615     27.105     39.312    -1.6436   10.12804     26.882  0.000e+00
   3.495193     9.0541     9.0563     27.180     39.422    -1.6411   10.12804     26.957  0.000e+00
   3.495193     9.0496     9.0517     27.245     39.516    -1.6426   10.12804     27.021  0.000e+00
   3.495259     9.0461     9.0482     27.298     39.593    -1.6432   10.12804     27.074  0.000e+00
   3.495259     9.0440     9.0461     27.373     39.701    -1.6428   10.12804     27.148  0.000e+00
   3.495345     9.0425     9.0447     27.459     39.826    -1.6434   10.12804     27.233  0.000e+00
   3.495431     9.0404     9.0426     27.513     39.904    -1.6434   10.12804     27.286  0.000e+00
   3.495431     9.0378     9.0400     27.578     39.998    -1.6427   10.12804     27.351  0.000e+00
   3.495497     9.0354     9.0376     27.663     40.122    -1.6428   10.12804     27.436  0.000e+00
   3.495544     9.0334     9.0356     27.739     40.232    -1.6426   10.12804     27.511  0.000e+00
   3.495603     9.0315     9.0337     27.803     40.325    -1.6432   10.12804     27.574  0.000e+00
   3.495649     9.0300     9.0322     27.868     40.419    -1.6457   10.12804     27.638  0.000e+00
   3.495781     9.0284     9.0306     27.944     40.529    -1.6422   10.12804     27.714  0.000e+00
   3.495867     9.0266     9.0287     27.998     40.607    -1.6463   10.12804     27.767  0.000e+00
   3.495788     9.0249     9.0271     28.084     40.733    -1.6448   10.12804     27.853  0.000e+00
   3.495841     9.0236     9.0258     28.138     40.811    -1.6437   10.12804     27.907  0.000e+00
   3.495867     9.0224     9.0246     28.214     40.921    -1.6451   10.12804     27.982  0.000e+00
   3.495603     9.0213     9.0235     28.333     41.094    -1.6439   10.12804     28.100  0.000e+00
   3.495478     9.0201     9.0222     28.418     41.216    -1.6445   10.12804     28.184  0.000e+00
   3.495584     9.0188     9.0210     28.548     41.405    -1.6451   10.12804     28.312  0.000e+00
   3.495736     9.0164     9.0185     28.721     41.656    -1.6454   10.12804     28.484  0.000e+00
   3.496317     9.0114     9.0135     28.948     41.985    -1.6442   10.12804     28.709  0.000e+00
   3.496792     9.0043     9.0065     29.186     42.330    -1.6455   10.12804     28.945  0.000e+00
   3.497552     8.9941     8.9962     29.467     42.738    -1.6444   10.12804     29.224  0.000e+00
   3.497836     8.9801     8.9823     29.758     43.161    -1.6438   10.12804     29.513  0.000e+00
   3.498094     8.9685     8.9706     30.071     43.614    -1.6406   10.12804     29.823  0.000e+00
   3.498504     8.9605     8.9626     30.331     43.991    -1.6422   10.12804     30.081  0.000e+00
   3.499025     8.9556     8.9577     30.632     44.429    -1.6424   10.12804     30.380  0.000e+00
   3.499845     8.9523     8.9544     30.946     44.884    -1.6422   10.12804     30.691  0.000e+00
   3.500928     8.9493     8.9515     31.259     45.337    -1.6400   10.12804     31.001  0.000e+00
   3.501965     8.9466     8.9488     31.572     45.791    -1.6430   10.12804     31.311  0.000e+00
   3.502917     8.9436     8.9458     31.916     46.290    -1.6415   10.12804     31.653  0.000e+00
   3.503419     8.9410     8.9431     32.251     46.776    -1.6402   10.12804     31.985  0.000e+00
   3.503961     8.9386     8.9408     32.564     47.230    -1.6438   10.12804     32.295  0.000e+00
   3.504609     8.9364     8.9385     32.844     47.637    -1.6439   10.12804     32.573  0.000e+00
   3.505323     8.9320     8.9342     33.180     48.123    -1.6451   10.12804     32.906  0.000e+00
   3.505561     8.9245     8.9267     33.492     48.576    -1.6453   10.12804     33.216  0.000e+00
   3.505760     8.9164     8.9185     33.783     48.999    -1.6461   10.12804     33.505  0.000e+00
   3.505932     8.9083     8.9104     34.030     49.357    -1.6448   10.12804     33.750  0.000e+00
   3.505912     8.8997     8.9018     34.343     49.810    -1.6478   10.12804     34.060  0.000e+00
   3.505846     8.8900     8.8921     34.582     50.157    -1.6476   10.12804     34.297  0.000e+00
   3.505780     8.8818     8.8840     34.831     50.518    -1.6485   10.12804     34.543  0.000e+00
   3.505503     8.8723     8.8744     35.111     50.924    -1.6488   10.12804     34.821  0.000e+00
   3.505351     8.8600     8.8621     35.306     51.207    -1.6481   10.12804     35.014  0.000e+00
   3.505173     8.8467     8.8488     35.521     51.519    -1.6497   10.12804     35.228  0.000e+00
   3.504962     8.8309     8.8330     35.748     51.848    -1.6497   10.12804     35.453  0.000e+00
   3.504896     8.8155     8.8176     35.954     52.147    -1.6502   10.12804     35.657  0.000e+00
   3.505114     8.8026     8.8047     36.138     52.413    -1.6500   10.12804     35.839  0.000e+00
   3.505174     8.7906     8.7927     36.331     52.694    -1.6499   10.12804     36.032  0.000e+00
   3.505352     8.7801     8.7822     36.514     52.960    -1.6521   10.12804     36.213  0.000e+00
   3.505439     8.7725     8.7746     36.731     53.273    -1.6537   10.12804     36.427  0.000e+00
   3.505392     8.7676     8.7697     36.915     53.540    -1.6531   10.12804     36.610  0.000e+00
   3.505432     8.7638     8.7659     37.109     53.822    -1.6527   10.12804     36.803  0.000e+00
   3.505650     8.7601     8.7622     37.282     54.073    -1.6550   10.12804     36.975  0.000e+00
   3.505783     8.7560     8.7581     37.456     54.326    -1.6535   10.12804     37.147  0.000e+00
   3.506001     8.7504     8.7525     37.650     54.607    -1.6523   10.12804     37.339  0.000e+00
   3.506497     8.7417     8.7438     37.801     54.825    -1.6528   10.12804     37.488  0.000e+00
   3.506953     8.7327     8.7348     37.994     55.106    -1.6514   10.12804     37.681  0.000e+00
   3.507495     8.7237     8.7257     38.188     55.387    -1.6539   10.12804     37.873  0.000e+00
   3.508124     8.7154     8.7175     38.361     55.638    -1.6571   10.12804     38.044  0.000e+00
   3.508666     8.7086     8.7107     38.512     55.856    -1.6559   10.12804     38.194  0.000e+00
   3.509102     8.7029     8.7050     38.673     56.090    -1.6557   10.12804     38.353  0.000e+00
   3.509969     8.6991     8.7012     38.856     56.356    -1.6533   10.12804     38.535  0.000e+00
   3.510967     8.6958     8.6979     39.006     56.574    -1.6561   10.12804     38.684  0.000e+00
   3.511966     8.6937     8.6957     39.179     56.825    -1.6574   10.12804     38.856  0.000e+00
   3.512449     8.6922     8.6943     39.342     57.060    -1.6566   10.12804     39.017  0.000e+00
   3.513250     8.6908     8.6929     39.471     57.248    -1.6566   10.12804     39.145  0.000e+00
   3.514401     8.6893     8.6914     39.643     57.497    -1.6547   10.12804     39.315  0.000e+00
   3.516101     8.6865     8.6886     39.816     57.748    -1.6576   10.12804     39.487  0.000e+00
   3.517584     8.6809     8.6830     39.944     57.935    -1.6557   10.12804     39.614  0.000e+00
